epoch	time	lr	train loss	train acc	test acc
Namespace(dataset='imagenet', arch='vit', outdir='output/aug_mixup', workers=4, epochs=400, batch=1024, lr=0.1, lr_step_size=30, gamma=0.05, use_mixup=True, data_aug=True, momentum=0.9, weight_decay=0.0001, noise_sd=0.25, gpu=None, print_freq=10)
0	0:0	0.1	6.56	0.0	5.53
1	0:0	0.1	6.28	0.0	8.03
2	0:0	0.1	6.14	0.0	9.95
3	0:0	0.1	6.07	0.0	11.4
4	0:0	0.1	6.01	0.0	12.9
5	0:0	0.1	5.95	0.0	13.8
6	0:0	0.1	5.9	0.0	15.0
7	0:0	0.1	5.86	0.0	15.6
8	0:0	0.1	5.84	0.0	16.5
9	0:0	0.1	5.8	0.0	16.9
10	0:0	0.1	5.77	0.0	18.0
11	0:0	0.1	5.74	0.0	18.4
12	0:0	0.1	5.72	0.0	19.2
13	0:0	0.1	5.67	0.0	19.6
14	0:0	0.1	5.67	0.0	20.5
15	0:0	0.1	5.64	0.0	20.5
16	0:0	0.1	5.63	0.0	20.7
17	0:0	0.1	5.59	0.0	21.5
18	0:0	0.1	5.62	0.0	21.6
19	0:0	0.1	5.59	0.0	22.1
20	0:0	0.1	5.58	0.0	22.3
21	0:0	0.1	5.54	0.0	22.7
22	0:0	0.1	5.55	0.0	22.7
23	0:0	0.1	5.51	0.0	23.3
24	0:0	0.1	5.52	0.0	23.0
25	0:0	0.1	5.53	0.0	24.2
26	0:0	0.1	5.49	0.0	24.2
27	0:0	0.1	5.51	0.0	24.5
28	0:0	0.1	5.48	0.0	24.9
29	0:0	0.1	5.46	0.0	25.1
30	0:0	0.00025	5.33	0.0	28.7
31	0:0	0.005	5.3	0.0	29.3
32	0:0	0.005	5.29	0.0	29.7
33	0:0	0.005	5.26	0.0	29.9
34	0:0	0.005	5.21	0.0	30.3
35	0:0	0.005	5.25	0.0	30.4
36	0:0	0.005	5.22	0.0	30.7
37	0:0	0.005	5.23	0.0	30.8
38	0:0	0.005	5.19	0.0	30.9
39	0:0	0.005	5.2	0.0	31.1
40	0:0	0.005	5.17	0.0	31.2
41	0:0	0.005	5.18	0.0	31.3
42	0:0	0.005	5.21	0.0	31.5
43	0:0	0.005	5.15	0.0	31.4
44	0:0	0.005	5.18	0.0	31.6
45	0:0	0.005	5.17	0.0	31.6
46	0:0	0.005	5.15	0.0	31.8
47	0:0	0.005	5.16	0.0	31.9
48	0:0	0.005	5.15	0.0	31.9
49	0:0	0.005	5.14	0.0	32.1
50	0:0	0.005	5.15	0.0	32.1
51	0:0	0.005	5.16	0.0	32.2
52	0:0	0.005	5.15	0.0	32.1
53	0:0	0.005	5.16	0.0	32.3
54	0:0	0.005	5.15	0.0	32.2
55	0:0	0.005	5.15	0.0	32.2
56	0:0	0.005	5.15	0.0	32.5
57	0:0	0.005	5.12	0.0	32.5
58	0:0	0.005	5.12	0.0	32.5
59	0:0	0.005	5.11	0.0	32.7
60	0:0	1.25e-05	5.09	0.0	33.3
61	0:0	0.00025	5.09	0.0	33.4
62	0:0	0.00025	5.1	0.0	33.5
63	0:0	0.00025	5.08	0.0	33.5
64	0:0	0.00025	5.09	0.0	33.5
65	0:0	0.00025	5.11	0.0	33.5
66	0:0	0.00025	5.1	0.0	33.5
67	0:0	0.00025	5.09	0.0	33.6
68	0:0	0.00025	5.07	0.0	33.6
69	0:0	0.00025	5.09	0.0	33.6
70	0:0	0.00025	5.11	0.0	33.6
71	0:0	0.00025	5.1	0.0	33.5
72	0:0	0.00025	5.05	0.0	33.6
73	0:0	0.00025	5.08	0.0	33.6
74	0:0	0.00025	5.09	0.0	33.6
75	0:0	0.00025	5.11	0.0	33.7
76	0:0	0.00025	5.08	0.0	33.6
77	0:0	0.00025	5.11	0.0	33.7
78	0:0	0.00025	5.09	0.0	33.6
79	0:0	0.00025	5.09	0.0	33.7
80	0:0	0.00025	5.07	0.0	33.7
81	0:0	0.00025	5.08	0.0	33.7
82	0:0	0.00025	5.05	0.0	33.7
83	0:0	0.00025	5.1	0.0	33.8
84	0:0	0.00025	5.1	0.0	33.7
85	0:0	0.00025	5.09	0.0	33.7
86	0:0	0.00025	5.07	0.0	33.8
87	0:0	0.00025	5.1	0.0	33.7
88	0:0	0.00025	5.07	0.0	33.8
89	0:0	0.00025	5.09	0.0	33.8
90	0:0	6.25e-07	5.07	0.0	33.8
91	0:0	1.25e-05	5.06	0.0	33.8
92	0:0	1.25e-05	5.07	0.0	33.8
93	0:0	1.25e-05	5.09	0.0	33.8
94	0:0	1.25e-05	5.07	0.0	33.8
95	0:0	1.25e-05	5.08	0.0	33.8
96	0:0	1.25e-05	5.08	0.0	33.8
97	0:0	1.25e-05	5.06	0.0	33.8
98	0:0	1.25e-05	5.05	0.0	33.8
99	0:0	1.25e-05	5.07	0.0	33.8
100	0:0	1.25e-05	5.1	0.0	33.8
101	0:0	1.25e-05	5.07	0.0	33.8
102	0:0	1.25e-05	5.06	0.0	33.8
103	0:0	1.25e-05	5.07	0.0	33.8
104	0:0	1.25e-05	5.08	0.0	33.8
105	0:0	1.25e-05	5.07	0.0	33.9
106	0:0	1.25e-05	5.06	0.0	33.8
107	0:0	1.25e-05	5.08	0.0	33.8
108	0:0	1.25e-05	5.07	0.0	33.8
109	0:0	1.25e-05	5.09	0.0	33.8
110	0:0	1.25e-05	5.11	0.0	33.8
111	0:0	1.25e-05	5.06	0.0	33.8
112	0:0	1.25e-05	5.08	0.0	33.8
113	0:0	1.25e-05	5.1	0.0	33.8
114	0:0	1.25e-05	5.09	0.0	33.8
115	0:0	1.25e-05	5.1	0.0	33.8
116	0:0	1.25e-05	5.07	0.0	33.8
117	0:0	1.25e-05	5.08	0.0	33.8
118	0:0	1.25e-05	5.07	0.0	33.8
119	0:0	1.25e-05	5.09	0.0	33.8
120	0:0	3.13e-08	5.08	0.0	33.8
121	0:0	6.25e-07	5.06	0.0	33.8
122	0:0	6.25e-07	5.08	0.0	33.8
123	0:0	6.25e-07	5.08	0.0	33.8
124	0:0	6.25e-07	5.08	0.0	33.9
125	0:0	6.25e-07	5.11	0.0	33.8
126	0:0	6.25e-07	5.07	0.0	33.8
127	0:0	6.25e-07	5.08	0.0	33.8
128	0:0	6.25e-07	5.09	0.0	33.8
129	0:0	6.25e-07	5.08	0.0	33.8
130	0:0	6.25e-07	5.07	0.0	33.8
131	0:0	6.25e-07	5.08	0.0	33.8
132	0:0	6.25e-07	5.07	0.0	33.8
133	0:0	6.25e-07	5.08	0.0	33.8
134	0:0	6.25e-07	5.07	0.0	33.9
135	0:0	6.25e-07	5.07	0.0	33.8
136	0:0	6.25e-07	5.07	0.0	33.8
137	0:0	6.25e-07	5.09	0.0	33.8
138	0:0	6.25e-07	5.11	0.0	33.9
139	0:0	6.25e-07	5.09	0.0	33.8
140	0:0	6.25e-07	5.08	0.0	33.9
141	0:0	6.25e-07	5.1	0.0	33.8
142	0:0	6.25e-07	5.07	0.0	33.8
143	0:0	6.25e-07	5.12	0.0	33.8
144	0:0	6.25e-07	5.1	0.0	33.9
145	0:0	6.25e-07	5.04	0.0	33.8
146	0:0	6.25e-07	5.09	0.0	33.8
147	0:0	6.25e-07	5.08	0.0	33.8
148	0:0	6.25e-07	5.07	0.0	33.8
149	0:0	6.25e-07	5.07	0.0	33.9
150	0:0	1.56e-09	5.09	0.0	33.8
151	0:0	3.13e-08	5.09	0.0	33.8
152	0:0	3.13e-08	5.08	0.0	33.8
153	0:0	3.13e-08	5.09	0.0	33.8
154	0:0	3.13e-08	5.07	0.0	33.8
155	0:0	3.13e-08	5.07	0.0	33.8
156	0:0	3.13e-08	5.08	0.0	33.8
157	0:0	3.13e-08	5.08	0.0	33.8
158	0:0	3.13e-08	5.08	0.0	33.8
159	0:0	3.13e-08	5.09	0.0	33.8
160	0:0	3.13e-08	5.07	0.0	33.8
161	0:0	3.13e-08	5.08	0.0	33.8
162	0:0	3.13e-08	5.07	0.0	33.8
163	0:0	3.13e-08	5.11	0.0	33.8
164	0:0	3.13e-08	5.07	0.0	33.8
165	0:0	3.13e-08	5.08	0.0	33.8
166	0:0	3.13e-08	5.07	0.0	33.8
167	0:0	3.13e-08	5.11	0.0	33.8
168	0:0	3.13e-08	5.08	0.0	33.8
169	0:0	3.13e-08	5.09	0.0	33.8
170	0:0	3.13e-08	5.09	0.0	33.8
171	0:0	3.13e-08	5.08	0.0	33.8
172	0:0	3.13e-08	5.06	0.0	33.9
173	0:0	3.13e-08	5.08	0.0	33.8
174	0:0	3.13e-08	5.08	0.0	33.8
175	0:0	3.13e-08	5.06	0.0	33.8
176	0:0	3.13e-08	5.06	0.0	33.8
177	0:0	3.13e-08	5.08	0.0	33.8
178	0:0	3.13e-08	5.12	0.0	33.8
179	0:0	3.13e-08	5.06	0.0	33.8
180	0:0	7.81e-11	5.07	0.0	33.8
181	0:0	1.56e-09	5.07	0.0	33.8
182	0:0	1.56e-09	5.09	0.0	33.8
183	0:0	1.56e-09	5.07	0.0	33.8
184	0:0	1.56e-09	5.1	0.0	33.8
185	0:0	1.56e-09	5.07	0.0	33.8
186	0:0	1.56e-09	5.08	0.0	33.8
187	0:0	1.56e-09	5.09	0.0	33.8
188	0:0	1.56e-09	5.11	0.0	33.8
189	0:0	1.56e-09	5.08	0.0	33.8
190	0:0	1.56e-09	5.09	0.0	33.8
191	0:0	1.56e-09	5.08	0.0	33.9
192	0:0	1.56e-09	5.1	0.0	33.8
193	0:0	1.56e-09	5.1	0.0	33.8
194	0:0	1.56e-09	5.07	0.0	33.8
195	0:0	1.56e-09	5.07	0.0	33.8
196	0:0	1.56e-09	5.06	0.0	33.8
197	0:0	1.56e-09	5.08	0.0	33.8
198	0:0	1.56e-09	5.1	0.0	33.8
199	0:0	1.56e-09	5.07	0.0	33.8
200	0:0	1.56e-09	5.06	0.0	33.8
201	0:0	1.56e-09	5.08	0.0	33.9
202	0:0	1.56e-09	5.08	0.0	33.8
203	0:0	1.56e-09	5.09	0.0	33.8
204	0:0	1.56e-09	5.09	0.0	33.8
205	0:0	1.56e-09	5.08	0.0	33.8
206	0:0	1.56e-09	5.09	0.0	33.8
207	0:0	1.56e-09	5.09	0.0	33.8
208	0:0	1.56e-09	5.08	0.0	33.8
209	0:0	1.56e-09	5.08	0.0	33.8
210	0:0	3.91e-12	5.06	0.0	33.8
211	0:0	7.81e-11	5.06	0.0	33.8
212	0:0	7.81e-11	5.08	0.0	33.8
213	0:0	7.81e-11	5.06	0.0	33.9
214	0:0	7.81e-11	5.1	0.0	33.8
